1000033	30
1000035	30
1000038	30
100006	3;30
1000062	30
1000079	30;45;28;46;83
1000094	30
1000095	97
1000104	30
1000105	28
1000122	62;52
1000153	30
1000158	28
1000176	30
1000183	30
1000192	30;28;73;83;77;58;46
1000195	97;30
1000215	30
1000225	30
1000232	28;58
1000264	30
100029	30;3
1000301	18;28
1000303	17
1000328	18
100035	30;76
1000380	58
1000386	52
1000387	57;68;48;45;77;28;58
1000406	55;83;46
1000410	30;18
1000419	30
1000427	30
1000432	30
1000433	30;58
1000438	30
1000439	30
1000457	23;28
1000461	28;77
1000481	28
1000485	30
1000489	18;30
1000527	30;28
1000530	62;28
1000546	30
1000554	30
1000559	30
1000561	30
100057	28
1000571	30
1000584	18
1000596	83;24;30
1000597	8
1000602	30
1000628	30
1000634	33;88;58;46;16
1000670	81;30
1000678	30
1000684	30
10007	35;30
1000710	28;30;58
1000721	8;97
1000740	30
1000774	83;30
1000779	77;28;59;30
1000800	77
1000804	8
1000808	30
1000815	30
1000840	30;18
1000851	45;58;83;78;46;30;38
1000868	8
1000880	28;83;30
1000890	30
1000892	30;28
1000894	97;30
1000904	83;28;30;44
100093	30;28;83
1000943	30
1000954	30
1000959	77
1000965	22;28;83;30
1000976	30
100098	30
1000987	30
1000991	77
1000992	30
1001004	8;79;30;58;28
1001006	30
1001046	83;28;30
1001057	30;17
1001072	30
1001105	28;18
1001129	84;14;90;91;29;21;9;44;24;89;8;42;41;40;25;37;30;16;97;52;62;56;80;83;36;26;73;64;32;27;67;65;79;87;17
1001140	58;44;30
1001144	30
1001147	30
1001154	30
1001163	30
1001167	18;8
